29 -7249.96 82.68 -7244.01 603.45 -7017.94 602.20 -7025.25 86.64
28 -7008.28 85.55 -7004.87 601.37 -6781.30 602.98 -6783.50 85.68
27 -6769.21 87.30 -6762.79 602.02 -6539.57 598.11 -6544.99 88.20
26 -5055.03 90.62 -5059.17 607.21 -4834.05 608.95 -4831.15 89.92
25 -4815.23 91.75 -4817.82 608.48 -4595.22 609.17 -4589.22 94.32
24 -4575.18 94.40 -4578.99 608.70 -4353.56 608.14 -4350.06 96.14
23 -4229.35 96.81 -4230.33 609.85 -4004.81 609.37 -4000.42 98.21
22 -3877.78 92.88 -3877.12 610.04 -3652.26 606.35 -3651.36 97.14
21 -3636.35 94.22 -3635.70 607.48 -3411.23 609.91 -3409.94 94.57
20 -3397.52 94.44 -3394.68 607.14 -3172.41 610.13 -3172.41 96.18
05 2545.07 5130.21 2556.35 5641.67 2328.56 5642.64 2319.06 5127.64
04 2299.84 5133.12 2309.81 5642.07 2083.08 5644.02 2078.54 5131.03
07 3144.16 5126.79 3155.04 5640.47 2929.52 5640.96 2917.75 5126.44
06 2905.91 5129.70 2916.46 5641.78 2688.50 5641.30 2678.85 5130.05
01 1460.12 5130.75 1464.26 5645.96 1237.85 5645.61 1238.17 5129.36
03 2060.43 5129.77 2063.35 5642.54 1838.81 5643.93 1837.84 5129.07
02 1699.60 5130.27 1705.03 5644.09 1478.62 5643.74 1477.00 5129.58
09 3745.12 5125.11 3751.46 5639.76 3525.05 5639.42 3518.07 5125.46
08 3386.80 5126.66 3398.58 5641.18 3173.79 5641.05 3160.72 5127.92
47 3545.57 3166.62 3010.52 3167.31 3009.05 3395.66 3545.71 3391.28
49 3542.51 2686.16 3007.79 2688.46 3006.97 2916.11 3543.63 2911.73
41 4183.10 2328.09 4716.92 2324.96 4715.44 2549.41 4180.72 2551.70
40 4184.79 2685.28 4719.19 2685.28 4719.09 2908.41 4185.91 2910.85
43 4179.72 1849.93 4710.61 1844.07 4714.90 2069.99 4183.10 2071.11
42 4178.76 2085.25 4715.68 2086.30 4714.52 2312.35 4180.45 2313.95
45 3547.79 3766.99 3012.74 3767.69 3013.22 3993.95 3547.04 3990.82
46 3547.20 3527.64 3012.15 3528.33 3013.60 3755.50 3546.44 3751.46
08 2448.40 404.34 2979.37 398.56 2981.85 618.91 2456.64 622.25
09 2458.28 166.94 2979.09 156.90 2981.26 379.55 2450.60 383.03
02 1750.14 418.05 1222.16 418.82 1227.23 636.38 1751.26 643.62
03 1743.23 671.19 1220.43 666.39 1219.59 890.14 1742.46 891.11
01 1746.31 182.17 1220.92 180.16 1218.03 396.81 1745.95 399.87
06 2444.97 1065.65 2965.39 1061.74 2969.68 1287.66 2447.12 1284.39
07 2449.32 645.30 2976.40 639.79 2975.25 865.84 2448.24 867.52
04 1755.06 1074.14 1233.99 1078.75 1233.23 1302.57 1755.21 1302.71
05 1758.73 1491.57 1237.41 1494.65 1235.36 1719.87 1758.95 1716.31
38 -8221.57 1217.83 -8221.57 703.88 -8446.04 701.44 -8444.42 1215.60
39 -7862.36 1217.11 -7858.22 704.42 -8080.41 701.51 -8081.46 1218.37
34 -8683.64 85.88 -8686.16 598.78 -8456.99 601.71 -8458.79 82.19
35 -8920.35 88.93 -8922.87 601.83 -8699.88 600.30 -8697.11 88.93
36 -8697.93 1215.99 -8697.93 702.05 -8923.36 702.61 -8920.78 1213.77
37 -8461.30 1216.77 -8461.63 701.22 -8685.51 701.92 -8684.22 1214.47
30 -7597.40 83.96 -7600.39 602.91 -7378.04 602.08 -7372.94 86.39
31 -7834.69 83.87 -7840.11 601.86 -7618.17 603.25 -7610.80 83.18
32 -8076.35 84.91 -8078.94 601.64 -7856.10 603.86 -7851.57 85.04
33 -8444.50 83.80 -8442.05 602.62 -8221.97 602.27 -8218.74 84.84
18 6039.56 4842.72 6577.53 4840.84 6578.60 4614.72 6042.34 4616.88
19 6041.89 4602.18 6575.06 4599.74 6576.13 4373.62 6044.58 4376.26
40 2931.30 -632.52 2930.91 -1165.00 3155.70 -1164.87 3152.20 -628.22
41 2694.01 -632.60 2692.09 -1165.22 2916.62 -1166.61 2913.12 -629.96
12 4359.80 5121.91 4366.46 5638.17 4587.43 5638.65 4583.94 5122.74
13 4600.82 5121.57 4605.94 5637.69 4828.53 5638.38 4825.93 5123.31
10 3759.48 5122.89 3765.50 5639.85 3987.76 5638.93 3984.27 5123.03
11 4001.48 5123.46 4006.60 5639.58 4229.51 5637.97 4225.70 5124.37
16 5433.23 5122.33 5439.96 5634.76 5660.36 5636.01 5658.99 5123.37
17 5674.66 5123.67 5679.77 5635.88 5907.80 5636.44 5900.37 5107.79
14 4840.31 5125.00 4846.31 5638.05 5068.01 5637.90 5065.42 5126.74
15 5194.80 5119.89 5199.19 5636.63 5422.43 5636.62 5419.91 5121.63
33 5053.20 -615.96 5051.40 -1160.14 4830.10 -1162.23 4832.86 -621.04
32 5405.43 -616.69 5406.73 -1156.69 5185.43 -1158.77 5185.68 -618.63
31 5644.84 -613.34 5643.37 -1155.91 5422.07 -1157.99 5423.21 -617.02
30 5882.69 -614.03 5881.86 -1157.30 5659.92 -1158.68 5659.20 -615.55
37 3987.39 -620.98 3984.04 -1165.29 3764.62 -1165.63 3764.55 -623.20
36 4222.73 -618.81 4218.66 -1162.50 3999.96 -1163.47 3999.23 -624.24
35 4579.67 -619.04 4576.33 -1163.36 4357.55 -1164.40 4356.43 -619.04
34 4817.21 -617.44 4813.86 -1161.75 4595.08 -1162.79 4594.68 -621.96
39 3168.19 -630.22 3167.22 -1165.83 3392.98 -1164.79 3388.84 -627.44
38 3748.56 -621.19 3744.82 -1163.28 3524.81 -1166.76 3525.14 -626.55
56 2456.46 2929.67 2991.51 2928.98 2994.48 3152.39 2458.47 3156.08
57 2459.24 3168.47 2992.67 3167.57 2994.76 3394.05 2458.82 3393.91
54 2453.59 2329.99 2990.51 2331.04 2992.19 2555.84 2457.23 2556.61
55 2458.14 2689.83 2989.93 2688.72 2992.60 2914.42 2457.63 2915.19
52 2450.78 1851.06 2982.66 1850.02 2987.59 2075.25 2451.65 2075.10
53 2450.73 2091.12 2986.42 2089.73 2989.48 2313.21 2454.76 2315.51
50 3539.51 2326.45 3005.52 2328.13 3003.07 2555.58 3544.12 2553.98
51 3537.04 2085.35 3002.32 2087.65 3001.50 2315.31 3538.81 2310.23
58 2461.20 3531.10 2996.89 3529.71 3000.53 3756.33 2464.59 3756.19
59 2462.77 3771.37 2997.49 3769.07 3002.67 3995.82 2465.83 3994.85
45 -4843.88 1224.08 -4833.98 708.95 -5056.24 709.87 -5067.69 1224.85
44 -6533.20 1224.40 -6542.00 700.97 -6759.87 704.67 -6756.38 1220.58
47 -4365.25 1225.42 -4355.68 708.70 -4578.59 710.30 -4579.81 1221.82
46 -4598.97 1223.47 -4594.18 710.08 -4819.29 708.34 -4830.81 1223.25
41 -7381.79 1216.38 -7376.75 704.52 -7602.51 703.47 -7607.29 1220.77
40 -7622.23 1219.85 -7618.74 703.95 -7839.71 703.47 -7846.44 1218.94
43 -6770.42 1220.49 -6775.21 705.98 -7001.87 704.10 -6994.89 1218.06
42 -7012.41 1219.92 -7017.20 705.41 -7244.59 704.15 -7236.88 1217.49
49 -3657.11 1231.30 -3650.38 715.83 -3874.20 712.69 -3879.63 1226.78
48 -4001.89 1225.97 -4004.41 710.97 -4229.92 711.46 -4226.68 1225.83
23 6030.05 2549.63 6564.12 2548.03 6563.96 2319.46 6028.93 2324.06
22 6032.32 2909.96 6565.41 2907.45 6565.34 2678.96 6030.87 2682.78
21 6030.64 3149.80 6563.17 3148.06 6563.99 2920.40 6030.50 2925.14
20 6031.64 3386.93 6564.08 3385.12 6564.91 3157.46 6030.12 3163.59
27 5265.48 2309.58 4730.76 2311.87 4729.39 2084.78 5265.65 2082.62
26 5262.69 2070.78 4727.98 2073.08 4725.88 1846.60 5262.87 1843.82
25 6027.23 2070.70 6559.76 2068.96 6560.58 1841.31 6025.22 1844.30
24 6027.58 2308.53 6560.03 2306.72 6560.85 2079.06 6025.48 2082.05
29 5268.99 2908.56 4734.03 2909.33 4733.16 2685.29 5267.23 2683.69
28 5267.30 2551.37 4731.68 2552.84 4730.56 2327.27 5267.47 2324.41
01 302.16 419.65 827.42 419.65 827.42 197.00 300.00 197.00
03 313.57 894.89 838.39 893.77 832.49 671.54 307.59 672.59
02 306.24 657.06 835.85 656.50 826.70 433.84 301.64 433.44
05 225.02 1517.26 739.94 1517.31 734.36 1292.78 225.53 1291.90
04 224.43 1277.90 739.99 1277.26 734.09 1055.03 225.83 1053.38
07 226.21 1995.97 734.72 1999.16 738.64 1775.68 224.44 1771.10
06 224.64 1755.71 737.63 1761.75 738.45 1534.10 224.18 1533.35
09 -3423.09 -675.60 -3419.40 -1178.34 -3638.04 -1187.03 -3643.15 -671.35
08 -3177.46 -680.74 -3176.69 -1182.29 -3395.98 -1190.29 -3401.09 -674.61
68 1759.85 1845.63 1228.30 1848.28 1230.71 2072.45 1761.95 2072.11
67 1762.96 2086.03 1229.54 2086.94 1232.53 2314.25 1771.46 2309.38
66 1774.70 2691.37 1234.09 2703.75 1233.26 2931.41 1769.48 2916.24
65 1770.18 2932.46 1236.30 2943.32 1238.06 3164.29 1774.47 3158.38
64 1772.25 3175.79 1240.71 3182.34 1242.48 3407.21 1775.64 3400.87
63 1776.55 3534.10 1241.43 3538.62 1247.41 3760.92 1773.12 3760.63
62 1774.15 3778.46 1245.59 3776.10 1242.88 3998.11 1777.86 4001.25
61 1778.88 4015.18 1241.97 4018.03 1241.93 4237.33 1771.72 4242.13
60 2463.68 4008.42 2998.98 4009.26 3001.72 4235.04 2465.78 4234.90
20 5258.02 388.31 4731.00 386.09 4728.20 168.04 5254.00 167.82
21 5260.16 627.80 4738.84 630.88 4737.47 403.78 5260.60 406.28
22 5269.69 868.98 4739.76 871.85 4739.54 647.11 5264.69 647.59
23 5266.35 1224.08 4739.26 1225.69 4736.46 1007.64 5264.11 1005.26
24 5264.27 1466.15 4737.58 1465.53 4740.54 1245.05 5265.04 1246.23
27 6707.80 -610.98 6709.10 -1150.98 6488.13 -1151.45 6485.21 -611.67
28 6472.79 -611.54 6474.08 -1151.54 6253.11 -1152.02 6250.84 -612.93
29 6234.92 -614.75 6237.19 -1153.84 6015.90 -1155.92 6013.95 -615.23
58 -1131.94 1241.42 -1123.45 714.60 -1351.74 712.51 -1355.18 1241.42
59 -893.11 1241.64 -883.98 714.12 -1112.26 712.03 -1116.02 1243.25
52 -2812.67 1238.07 -2817.71 722.02 -3046.72 720.56 -3035.26 1237.37
53 -2571.32 1239.33 -2577.01 723.98 -2805.29 721.90 -2795.14 1236.20
50 -3416.52 1224.07 -3415.43 720.22 -3635.12 714.44 -3641.77 1229.99
51 -3174.28 1226.17 -3172.86 723.92 -3391.50 715.23 -3396.61 1230.91
56 -1733.74 1234.53 -1732.30 711.53 -1955.79 710.00 -1958.78 1228.96
57 -1495.87 1237.74 -1494.44 714.74 -1718.01 713.14 -1720.02 1233.01
54 -2329.89 1240.67 -2334.37 723.86 -2563.29 722.47 -2553.06 1236.85
55 -1974.18 1238.00 -1972.10 714.31 -2196.31 713.40 -2198.57 1231.74
30 5268.94 3148.62 4737.14 3149.74 4734.08 2926.25 5267.17 2923.74
31 5271.16 3388.19 4734.82 3390.27 4736.22 3165.75 5269.39 3163.31
32 5272.45 3747.60 4736.44 3751.29 4738.24 3524.55 5271.34 3522.04
33 5274.27 3989.40 4736.07 3993.65 4739.73 3764.74 5272.91 3762.30
34 5275.84 4229.67 4739.18 4234.05 4740.99 4007.30 5275.62 4004.93
35 4187.25 4003.59 4724.09 4004.57 4723.67 4230.00 4188.95 4232.30
36 4188.20 3764.37 4726.67 3765.56 4723.97 3991.48 4191.52 3993.29
37 4187.61 3525.02 4724.53 3526.07 4723.38 3752.12 4189.31 3753.72
38 4183.71 3164.48 4721.28 3164.83 4720.12 3390.88 4186.78 3391.87
39 4181.90 2926.59 4720.04 2926.17 4718.95 3148.39 4186.19 3152.51
16 -2197.76 100.76 -2197.94 609.36 -1972.18 610.40 -1977.04 99.71
17 -2566.81 98.82 -2568.42 616.47 -2344.20 617.37 -2344.53 101.82
14 -1721.33 98.76 -1718.08 613.14 -1493.30 613.27 -1498.08 102.67
15 -1962.75 101.33 -1957.24 611.32 -1734.00 611.31 -1736.59 100.15
12 -1116.23 98.35 -1113.38 614.95 -890.78 615.64 -888.02 104.27
13 -1351.56 100.08 -1351.56 614.03 -1128.32 614.03 -1128.40 100.00
10 -3660.87 -678.74 -3657.91 -1180.85 -3877.20 -1188.86 -3883.20 -674.00
11 -875.60 104.14 -873.33 617.60 -651.71 617.39 -651.06 102.74
18 -2806.21 95.47 -2805.30 614.16 -2582.06 614.16 -2582.39 98.60
19 -3042.12 94.07 -3044.71 610.81 -2821.22 612.33 -2819.28 96.30
51-1 3538.33 1851.64 3003.28 1852.34 3002.60 2072.33 3540.81 2071.99
61 -2547.46 2033.75 -2547.85 2553.83 -2339.48 2549.08 -2338.25 2037.56
60 -653.95 1243.46 -645.47 716.64 -872.21 714.69 -875.90 1242.07
15 4188.94 1248.52 4715.96 1250.74 4710.73 1471.70 4190.51 1464.13
14 4197.49 1488.79 4722.89 1490.80 4720.33 1709.05 4192.98 1705.23
17 4179.41 646.53 4706.43 648.75 4706.57 873.41 4179.55 871.19
16 4188.09 1003.72 4712.58 1004.90 4712.15 1226.43 4186.11 1225.11
11 3532.00 412.92 3001.81 410.35 3000.73 632.57 3530.59 633.54
10 3535.36 165.56 3005.49 160.69 3006.03 383.12 3536.53 383.39
13 3534.52 1056.41 3003.95 1059.96 3006.36 1284.14 3534.92 1286.50
12 3534.78 651.72 3003.30 650.54 3005.14 871.58 3534.68 874.85
